1,65,73,73,67,65,34,51,41,61,95,9,90,53,45,87,52,58,27,36,66,20,97,90,1,58,53,34,41,31,4,7,12,19,43,45,77,31,49,20,61,94,5,81,26,76,90,11,74,84,5,24,32,70,20,49,94,100,100,5,69,25,88,47,44,52,61,25,84,87,24,66,72,77,39,87,19,46
2,11,68,59,28,83,3,10,23,38,47,13,89,35,22,46,55,30,34,48,38,57,59,88,82,90,15,22,28,45,48,13,26,24
3,13,93,11,22,4,61,19,3,89,69,64,93,24,5,39,63,16,86,75,6,100,36,0,78,40,58,10,58,44,30,90,84,53,0,53,2,80,44,30,3,68,92,19,37,44,100,5,35,73,12,65,92,49,83,25,41,6,100,63,29,91,18,64,35,28,61,95,43,4,13,82,22,56,32,97,59,95,43,35,40,48,58
4,76,39,96,81,34,46,4,95,93,7,74,13,18,64,50,38,84,9,49,63,81,47,83,49,14,62,21,29,100,73,75,19,58,1,13,73,73,13,76,56,71,11,84,60,44,57,31,74,54,18,40,30,72,85,95,1,19,88,62,96,39
5,95,23,91,100,13,36,82,69,35,3,53,16,92,47,3,25,18,72,57,23,60,92,5,3,33,41,19,84,24,96,17,30,87,53,55,10,43,29,38,92,29,63,25,31,56,100,76,2
6,73,1,83,23,77,21,51,46,47,29,68,51,19,15,50,74,20,37,33,23,31,57,95,60,41,58,7,82,96,91,82,9,46,7,79,7,19,59
7,95,82,4,81,92,60,84,50,97,69,71,24,33,59,99,75,54,43,30,96,82,39,79,66,76,83,97,23,12,57,11,80,93,98,28,40,75,45,39,52,67,78,16,1,34,80,68,68,62,40,55,51,1,55,70
8,52,6,3,41,91,32,0,26,25,83,94,54,64,29,66,10,15,19,45,59,73,73,86,58,33,3,91,52,67,33,87,58,29,38,82,10,9,48,73,71,25,87,33,99,0,61,77,16,98,6,0,85,13,57,63,26,84,65,12,18,71,12
9,2,17,60,21,33,92,47,24,100,82,34,76,97,26,81,95,22,61,53,98,63,20,12,24,18,32,28,69,38,91,97,79,73,16,34,86,28,56,79,4,36,77,35,80,33,86,24,45,17,73,90,56,46,6
10,42,55,69,97,22,0,37,14,1,26,19,91,62,8,54,31,100,27,64,5,28,97,38,10,53,33,63,79,94,33,37,15,55,69,1,24,10,46,81,5,11,53,87,1,99,13,54,5,71,90,22
