1,3,2,1
2,8,53,97,70,88,22,39,7,75,40,17,25,0,59,60,45,14,60,21,25,82,51,93,7,11,76,70,47,100,64,16,60,87,27,54,47,71,98,87,45,76,61,87,97,95,71,66,97,88,78,9,52,52,2,89,83,65,25,32,29,95,6,19,48,85,16,75,62
3,54,53,79,11,2,4,3,5,76,75,37,4,93,53,15,80,59,82,32,33,10,5,11,13,91,28,92,44,87,76,74,10,30,61,27,25,31,54,96,99,48,17,81,67,19
4,49,95,23,65,12,77,47,26,72,99,45,65,20,37,19,85,23,92,78,30,19,45,73,74,44,37,86,38,3,16,90,17,37,87,39,73,47,85,98,85,16,84,34,31,70,87,85,62,97,51,86,92,33,79,68,60,80,99
5,9,51,17,96,98,74,34,80,33,27,51,87,39,78,16,94,95,44,30,56,43,6,79,98,37,30,22,15,30,86,97,6,95,27,17,49,31,39
6,22,48,55,92,84,35,50,83,2,39,71,52,44,81,68,50,96,26,13,58,49,52,69,7,45,83,37,45,57,64,20,97,95,14,4,18,70,81,70,55,84,79
7,37,94,44,9,37,72,92,15,68,83,81,50,13,62,47,25,21,44,29,21,20,27,67,27,53,60,51,39,70,49,26,57,53,50,7,72,10,36,39,1,84,92,81,2,62,93,33,27,6,80,72,48,9,53,65,40,56,38,51,83,82,6,98
8,65,61,73,81,65,37,41,97,49,50,58,20,45,97,6,67,84,94,26,3,31,93,81,50,97,82,2,1,28,79,46,14,88,8,40,2,26,77,34,46,92,59,77,80,98,81,79,8,69,88,84,82,98,15,15,27,33,0,50,9,91,39,54,30,71,48,71,58,23,49,97,87,28,59,50,64,58,60,37,11,98,33,35,0,55,9,69,32,78,71,18,49,26,15
9,18,55,23,33,4,98,58,47,47,68,19,12,83,79,12,63,8,47,42,47,62,91,92,1,11,94,84,11,89,18,4,44,16,44,85,73,77,90,45,38,56,38,76,35,35,33,22,2,25,47,54,98,44,15,82,8,22,70,77,10,93,88,11,53,22,16,41,73,50,40,9,2
10,58,77,91,53,15,42,88,90,36,28,5,36,26,88,64,19,1,0,53,6,56,25,86,75,38,70,65,28,52,54,24,95,12,49,69,54,59,71,48,78,49,31,33,53,66,75,18,14,86,34,75,79,60,3,94,36,55,48,97,15,33,87,0,62,53,84,19,19,89

