
1,3,6,1,2,7
1,12
2,62,83,59,100,12,42,96,7,74,60,88,42,49,93,68,49,27,31,47,33,41,53,72,92,1,78,51,19,58,6,18,39,44,87,45,43,91,39,63,27,59,53,74,10,80,48
2,260
3,84,62,0,65,67,44,87,60,80,27,75,17,44,50,7,2,85,71,65,64,75,93,44,27,49,21,68,58,79,1,26,13,75,100,82,41,9,58,12,46,57,23,83,44,82,84,61,24,67,74,50,68,92,5,99,46,83,91,68,79,80,51,51,16,0,51,12,64,26,95,4,13,62,97,59,55,57,19,30,78,80,68,20,100,12,42,35,59,7
3,260
4,82,73,87,64,14,45,87,94,98,65,43,21,94,43,30,18,86,27,63,25,28,44,1,13,21,31,20,95,25,78,12,15,24,10,1,59,76,56,51
4,181
5,31,52,77,48,64,66,64,5,54,8,77,21,49,85,51,25,50,67,3,80,91,35,59,87,54,53,56,66,90,55,9,30,39,1,65,100,87,63,25,9,77,92,42,90,33,45,48,46,60,15,17,11,40
5,260
6,13,15,88,9,27,94,57,11,93,56,14,0,87,8,10,1,84,84,20,31,79,62,63,8,4,74,42,78,74,71,38,50,9,85,17,16,17,75,13,10,62,87,76,87,38,5,34
6,260
7,50,57,23,76,46,44,75,72,85,61,81,54,59,67,96,75,74,18,18,83,46,55,36,83,13,49,55,59,15,14
7,260
8,89,47,37,53,99,99,88,18,12,82,93,26,1,17,80,29,31,27,100,97,28,12,34,95,54,41,5,91,30,4,48,60,78,0,45,72,23,100,6,81,5,40,4,16,52,85,80,93,69,55,54,59,93
8,181
9,65,56,41,17,18,66,43,76,67,76,67,1,81,38,29,87,45,60,64,58,36,77,72,98,47,89,82,40,90,5,58,26,100,8,77,21,10,98,98,12,55,37,60,45,83,33,49,6,2,40,27,88,20,73,96,50,50,35,98,31,98,93,56,82,27,89,100,67,54,79,60,55,31,28,7,63,93,61,10,48,80,49,75,40,27,68,35,11,2,74,39,41,19
9,181
10,22,65,66,4,15,37,77,79,10,94,65,77,33,96,98,23,71,62,85,22,2,96,38,22,90,3,7,54,30,72,90,79,5,41,59,62,6,19,68,14,56,17,77,32,37,86,38,36,39,0,67,75,100,78
10,181
1,88,53,9,97,84,90,76,37,76,9,20,27,54,41,49,80,89,49,59,84,56,59,36,60,82,54,12,38,12,41,77,55,27,82,76,57,70,90,93,72,29,50,53,59,84,17,68,37,92,16,50,74,55,17,62,4,52,78,25,22,58,9,60,25,19,100,60,40,86,53,18,55,55,22,36,69,38,51,92,85,24,47,56,79,65,17,82,60,9,62,83
1,181
2,71,72,78,96,92,61,62,70,18,40,81,41,89,36,89,98,39,96,43,91,94,69,13,94,47,87,99,38,29,19,11,44,2,90,92,15,63,99,36,14
2,181
3,6,7,31,92,74,11,71,13,43,68,38,100,48,63,49,32,95,66,57,73,65,43,97,26,88,6,46,93,12,14,16,85,45,40,48,71,93,36,98,17,42,48,88,99
3,260
4,14,81,46,43,4,14,77,82,8,76,49,53,51,65,0,5,51,46,83,15,86,25,27,4,76,12,3,24,38,15,85,52,84,35,14,77,74,2,28,43,28,30,55
4,181
5,38,41,12,38,100,56,8,17,69,37,32,51,70,54,72,43,9,37,14,77,39,25,83,71,61,66,38,53,23,68,45,33,4,49,71,48,14,68,99,49,4,53,76,7,92,64,86,45,17,84,43,41,68,20,85,99,39,21,30,72,10,58,0,84,96,13,35,98,54,80,25,80,71,43,42,41,16,80
5,181
6,31,36,18,67,26,41,50,22,12,82,0,0,99,40,93,17,48,41,43,59,50,90,84,94,75,45,85,85,26,51,1,75,4,11,86,2,58,68,94
6,181
7,49,75,20,55,68,5,41,89,20,93,96,99,23,72,41,34,100,99,94,70,30,30,81,48,42,65,94,32,24,70,44,85,19,32,23,10,37,86,50,96,40,7,30,63,27,89,1,32,41,88,41,6
7,181
8,15,48,7,3,27,73,11,11,55,97,46,39,39,65,32,13,72,41,45,49,79,40,82,24,30,40,95,74,30,50,49,41,92,57,42,54,72,7,76,69,12,61,9,6,80,79,14,63,97,52,36
8,260
9,14,40,48,57,72,16,75,85,37,72,32,60,70,77,68,69,39,50,39,72,16,48,97,57,0,94,79,100,86,38,35,88,52,53,28,38,94,95,44,80,95,2,22,60,19,38,69,4,45,77,68,42,84,60,96,27,36,62,11,82,6,25,53,13,46,44,16,59
9,181
10,37,44,3,31,92,73,21,11,41,28,62,2,77,56,89,2,100,94,82,27,2,87,11,53,13,50,75,49,77,25,3,42,9,16,45,42,80,49,0,21,99,7,74,81,97,11,82,43,23,30,20,76,18,99,3,72,58,95,21,35,34,72,84,82,89,36,19
10,260
1,29,49,34,21,27,73,74,55,74,41,10,64,35,100,53,13,81,53,23,67,50,39,19,65,100,26,34,87,52,27,94,90,79,18,70,69,67,6,17,88,43,40,79,46,15,78,80,26,52,59,97,24,97,38,99,86,95,20,41,49,93,63,1,61,4,83,18,37,1,57,32,14,13,90,15,47,24,68,21,88,73,9,6,59,45,76
1,181
2,69,48,44,13,73,93,63,54,65,38,76,83,70,68,66,19,76,71,38,19,43,44,21,45,38,72,44,50,36,36,100,55,30,10,98,65,11,15,39,46,34,11,11,100,31,8,83,0,37,87,79,83,9,86,97,70,59,82,43,11,57,71,19,7,48,52,10,86,66,1,54,77,92,30,77,43,51,20,37,40,76,78,32,19,43,70,12,7,64,24
2,260
3,9,39,27,99,72,46,22,33,95,14,16,10,84,13,49,29,61,77,9,31,60,27,25,26,47,11,58,66,81,89,29,70,83,63,98,66,36,38,59,13,79,14,78,90,48,3,36,31,60,50,96,51,94,47,39,6,94,58,73,18,53,69,100,43
3,260
4,21,55,16,34,58,56,85,42,77,69,20,27,91,12,80,37,12,43,97,86,38,20,42,94,87,33,55,11,43,1,55,73,94,20,54
4,260
5,96,52,41,96,97,1,4,36,70,6,63,24,17,54,20,72,47,91,12,47,38,14,53,22,85,56,100,14,19,92,48,83,60,96,77,86
5,260
6,74,18,94,53,24,34,87,85,72,95,84,39,34,60,56,87,32,51,26,23,25,24,51,83,45,1,89,50,23,34,12,45,25,31,51,21,38,64,13,73,66,18,51,47,12,57,73,78,13,52,62,62,9,85,28,26,25,43,56,44,63,64,73,56,25,15,27,60,47,45,4,3,23,58,86,6,12,5,9,17,35,53,91,81,74,41,43,68,62
6,181
7,10,41,1,62,69,9,53,74,11,7,4,91,83,71,77,35,87,62,10,43,53,30,48,88,64,33,32,35,76,50,54,84,89,62,43,22,58,0,34,12,23,48,94
7,181
8,21,8,26,5,30,96,33,20,91,80,2,31,36,84,74,82,78,52,86,60,62,45,57,30,7,79,34,39,91,0,74,55,65,10,56,26,52,60,66,94,56,74,17,35,58,95,66,98,22,93,86,46,69,21,91,53,40,66,5,77,23,22,40
8,181
9,59,85,43,56,91,74,59,1,97,9,28,6,37,68,15,95,21,28,93,61,84,88,56,9,61,42,30,94,19,34,19,70,30,29,64,98,32,98,6,57,56,60,88,17,32,88,51,73,74,23,28,87,100,45,14,4,80,61,68,26,81,63,62,38,45,86,75,73,26,27,76,60,70,37
9,181
10,41,36,54,12,20,76,52,28,83,22,13,67,38,74,81,53,58,54,72,98,57,68,49,75,66,17,43,56,24,78,55,48,36,79,1,92,5,55,5,48,0,43,63,92,90,16,5,10,67,38,20,18,88,41,90,2,19,43,20,16,28
10,181
1,42,46,23,73,83,64,64,97,11,10,59,96,89,22,14,82,11,26,7,94,17,91,68,32,94,43,49,57,79,97,86,72,52,53,56,59,41,11,6,99,82,48,17,47,92,83,62,62,29,86,13,0,38,94,37,37,41,91,59,29
1,260
2,14,62,64,66,71,75,0,56,17,68,49,84,51,75,66,59,67,18,36,74,29,54,17,76,4,95,93,53,51,100,74,74,8,61,34,95,72,79,40,57,2,75,53,60,29,73,14,43,80,82,78,27,94,74,42,74,7,36,44,51,56
2,181
3,55,60,90,3,100,58,92,3,95,80,87,44,31,17,86,5,45,82,32,88,35,98,58,13,1,56,53,94,60,63,43,75,23,44,66,46,24,21,43,22,99,100,26,74,25,20,6,26,33,36,71,98,55,6,100,28,6,58,38,38,94,25,61
3,260
4,20,45,67,96,88,19,68,48,53,38,99,73,7,47,31,100,71,55,18,65,48,79,8,27,62,27,20,87,76,56,41,83,77,76,28,16,27,97,66,87,0,7,39,41,42,32,35,3,7,43,95,82,98,66,80,43,48,86,68,13,24,58,6,22,23,8
4,181
5,6,92,16,35,37,31,50,19,100,49,57,9,90,65,90,76,90,83,16,53,34,6,53,72,100,2,20,23,77,58,26,10,94,75,84,98,22,45,94,25,100,81,80,78,1,6,44,1,77,79,58,75,9,95,78,11,9,68,92,15,92,87,62,7,31
5,260
6,84,27,7,22,80,0,72,39,53,13,30,20,16,8,44,37,31,78,81,18,64,34,68,86,14,72,97,30,88,55,80,25,13,11,10,79,32,58,21,26,90,60,77,77,33,82,48,81,38,43,2,32,80,88,26,71,86,33,57,47,99,24,84,4,97,63,79,55,57,21,87,99,0,70,1,5,10,67,81,42,23,32,92,14,47,79,99,17,73,56,17,98,42,52,37,41
6,260
7,54,55,52,29,40,71,83,31,53,82,50,77,23,4,93,27,83,39,74,77,2,64,21,72,97,15,59,50,74,53,99,94,18,23,79,60,68,60,74,6,28,68,6,95,89,66,26,18,46,30,78,35,55,43,80,18,18,84,37,61,84,11,29,37,15,16,38,37,77,43,69,55,14,62,48,94,58,63,86,70,63,19,90
7,260
8,31,91,2,16,54,59,8,20,39,55,2,36,94,82,87,50,2,4,76,15,93,69,43,16,94,4,13,75,85,86,87,32,85,10,9,65,40,46,31,47,96,3,63,100,56,53,68,84,23,6,79,93,75,49,38,90,60,80,46,47,4,30,18,55,98,72,79,80,83,45,57,63,95,54,14,52,87,64
8,181
9,66,8,26,61,67,24,59,26,29,75,21,84,23,49,59,66,9,20,48,60,14,54,100,96,61,92,40,72,25,90,20,74,71,84,8,12,97,30,11,12,29,12,82,93,68,5,44,53,78,36,71,54,89,36,46,69,33,21,2,72,95,61,0,11,75,14,25,19,35,7,26,7,73,77,56,46,88,59,44,1,34,24,47,71,21,67,21,83,90,28
9,260
10,29,28,100,98,37,85,9,83,35,93,18,96,30,44,42,94,10,29,70,70,54,49,44,70,66,55,15,69,100,66,22,92,58,70,53,61,39,76,87,91,100,24,48,3,25,34,95,78,81,88,6,71,53,94,25,6,10,10,27,89,100,67,8,19,95,3,53,22,24,59,86,1,97,11,42,48,21,51,26,97,96,37,10,29,86,3,53,35,74,99,76,31,14
10,260
1,69,55,19,53,79,46,96,65,28,97,6,85,82,49,83,0,68,65,60,38,58,15,51,73,71,3,70,79,4,24,22,82,77,73,93,35
1,181
2,1,98,44,88,55,21,57,21,52,93,47,87,65,65,43,18,18,48,1,79,98,68,57,71,71,12,97,28,35,54,40,83,71,44,89,5,16,80,45,98,77,43,53,53,8,56,84,23,19,29,60,57,59,40,0,19,72,92,66,58,96,83,25,57,69,31,71,62,72,80,0,55,94,85,11,95,11,0,40,53,18,23,61,4,91,58
2,181
3,92,13,30,53,12,87,63,86,10,18,5,98,44,49,51,2,7,42,91,16,17,43,20,99,56,27,97,77,48,28,92,1,71,89,65,34,34,71,56,88,24,36,63,9,60,49,33,49,73,63,97,66,63,90,52,62,33,65,97,20,51,94,66,69,7,91,64,69,8,62,60,42,11,88,0,54
3,260
4,56,21,16,3,6,64,11,51,49,24,14,23,28,39,82,67,81,29,80,2,99,92,24,36,46,68,83,33,17,69,3,70,21,47,42,30,20,33,62,14,61,59,100,88,74,37,16,34,67,64,5,88,47,12,95,30,48,19,81,22,84,80,49,74,86,29,47,52,36,67,53,11,85,23,69,79,61,76,18,13,51,25,62,32
4,181
5,100,58,90,86,56,81,52,71,0,75,66,64,33,52,40,29,38,49,41,44,23,59,55,51,95,81,75,4,60,77,18,61,4,86,91,56,63,26,43,96,45,64,17,67,45,53,89,2,20,49,47,57,40,99,86,42,17,33,39,69,49,44,8,87,12,32,82,55,34,93,33,34,39,37,30,54,15,58,37,0,35,7,12,54,65,73,82,37,98,88
5,260
6,22,96,41,11,68,93,65,53,13,60,97,88,53,86,33,0,90,21,32,17,51,48,7,89,81,42,6,16,47,85,39,47,10,51,46,29,64,89,61,57,41,89,57,72,45,86,22,60,80,28,43,18,12,95,50,85,58,39,14,89,76,65,49,28,73,6,90,8,100,71,16,22,24,94,79,68,45,36,18,93,44,58,87,55,60,7,55,48,65,33
6,260
7,17,19,91,61,25,18,20,0,23,38,1,66,93,86,14,14,89,72,42,16,84,29,40,59,10,79,56,35,93,38,18,95,88,63,46,66,56,16,83,7,26,77,72,96,93,90,33
7,260
8,68,35,68,32,2,10,20,13,13,66,60,49,54,77,19,74,25,0,63,30,75,87,32,62,78,4,82,39,41,27,40,39,12,85,17,74,20,71,7,90,27,8,70,3,74,3,23,64,64,25,86,33,83,21,75,83,54,7,36,41,45,4,77,49,67,84,34,63,25,77,62,88,66,19,1,3,18,44,40,27,95,64,19,2,49,83,76,82,20,16,65,97,16
8,181
9,24,74,13,44,8,17,42,35,34,62,62,11,25,87,89,73,54,21,57,56,74,77,1,52,67,65,28,81,61,8,10,2,94,54,80,35,55,18,28,60,9,79,51,36,73,35,85
9,260
10,7,72,80,22,88,72,35,24,75,9,74,87,65,51,42,15,89,34,35,46,95,19,80,83,18,24,44,93,83,55,12,31,64,1,55,1,76,42,84,31,1,46,61,30,93,97,100,26,31,2,21,86,22,58,2,83,19,31,73,71,41,48,61
10,181
