1,20,5,10,40,15,35
1,1,2,3,8,2,4
1,10
2,50,45,90,100,100,1,91,15,70,30,16,14,44,56,74,47,82,84,55,84,54,77,41,27,95,2,13,2,83,21,15,16,40,11,58,63,39,52,27,2,82,75,94,68,86,67,79,100,18,12,21,14,93,50,45,57,15,56,2,77,75,46,26,88,73,64,9,6,72,99,12,39,98,4,5,4,76,80,69,30,83,81,22,83,98
2,1,98,25,44,51,42,77,81,91,56,27,21,94,5,58,66,98,53,88,50,24,37,88,76,17,47,14,6,26,96,92,17,15,66,97,8,10,47,79,58,6,75,52,44,63,65,20,53,98,47,51,61,66,6,26,91,35,76,23,55,40,40,47,64,65,30,89,17,94,81,61,29,83,17,47,9,41,39,3,35,35,17,31,99,100
2,181
3,48,89,85,23,93,19,4,71,91,97,28,24,85,39,57,80,4,70,79,7,29,71,4,99,57,93,44,68,49,92,42,69,2,79,48,97,6,73,15,23,43,9,49,6,50,49,41,84,54,31,22,12,4,100,89,45,76,30,39,90,57,88,17,2,60,95,46,56,52,42,46,71,56,25
3,9,3,56,45,21,58,22,5,59,74,14,22,6,51,19,51,2,88,85,77,76,38,73,60,5,18,92,95,47,34,71,63,45,39,27,2,30,78,18,2,82,41,86,94,56,87,55,77,66,57,82,26,88,12,23,86,49,46,90,21,5,100,40,85,29,93,29,19,77,53,25,61,43,8
3,260
4,98,22,32,59,35,46,5,93,23,68,94,42,55,36,58,84,71,48,37,98,96,92,9,26,72,11,87,55,25,87,43,61,79,60,48,74,60,70,28,72,11,61,29,4,74,51,36,6,9,44,83,42,97,70,94,91,40,11,53,82,12,31,14,73,65,10,1,28,57,23,92,27,63,7,7,4,41,36,72
4,7,75,20,36,81,78,86,25,86,25,36,84,23,58,63,27,71,32,72,25,29,28,67,92,8,82,53,30,81,17,36,50,85,15,81,73,68,19,74,22,55,36,95,49,59,9,26,63,78,79,48,73,71,23,97,78,51,38,42,85,78,80,50,2,47,1,83,60,24,94,25,23,85,58,67,41,73,32,26
4,260
5,53,76,14,30,23,61,25,35,65,85,97,23,45,41,84,98,42,6,66,22,31,86,45,34,16,13,95,5,43,37,29,95,59,41,46,22,2,82,21,83,78,46,17,10,78,28,10,96,76,39,40,44,57,6,32,58,70,99,31,7,21,59,15,74,17,63,64,77,12,75,59,61,19,20,99,84,9,12
5,74,56,72,6,51,75,40,95,62,18,10,39,13,41,33,98,49,29,35,82,27,39,97,96,91,23,88,88,25,45,62,21,31,58,85,49,62,22,1,27,89,82,3,5,34,60,26,19,23,13,49,28,66,80,25,36,86,37,9,86,54,44,69,99,67,31,65,71,3,21,66,35,69,47,88,4,4,38
5,260
6,92,84,69,38,42,58,49,1,51,33,22,13,71,94,100,34,23,69,97,34,37,12,41,6,29,32,41,67,66,64,30,69,43,12,59,6
6,36,6,67,83,85,72,25,31,5,70,3,54,32,60,74,72,1,67,21,46,52,67,89,87,63,78,9,58,89,40,2,9,97,5,86,13
6,260
7,26,7,94,8,86,92,80,82,82,46,14,11,25,78,46,70,75,82,43,30,83,26,90,95,28,92,43,20,29,26,17,68,20,28,59,99,69,82,86,48,3,99,93
7,75,69,88,26,63,34,51,96,34,45,90,94,3,34,22,52,22,25,92,74,33,63,66,76,66,34,55,89,1,59,58,31,94,16,73,41,12,76,65,91,32,9,85
7,260
8,88,64,15,10,62,91,5,36,72,18,62,19,30,75,28,68,87,20,23,23,92,94,94,1,81,89,38,26,34,90,8,3,29,77,8,71,92,74,6,41,80,35,13,82,58,34,8,79,86,57,10,30,52,7,65,58,31,29,93,33,69,79,38,86,97,91,83,17,51,81,44,81,26,13,54,60,16,41,83,66,71
8,18,93,46,53,29,40,62,14,54,38,45,70,38,71,52,71,54,39,86,90,17,1,11,65,57,97,31,50,6,38,50,51,93,58,54,65,71,7,36,1,31,49,77,19,63,4,22,11,77,58,77,38,86,82,62,65,11,11,25,84,76,25,19,99,50,49,2,39,53,26,56,100,13,49,66,7,43,31,93,65,87
8,181
9,14,100,26,68,60,85,57,79,90,28,62,28,29,32,38,44,73,82,48,10,69,86,49,35,76,51,35,10,49,43,42,37,32,2,16,28,29,31,96,3,31,96,95,84,70,29,15,59,84,78,5,54,8,8,19,43,10,15,5,29,8,84,12,91,84,92,30,49,46,15,12,25,21,17,31,9,91,50,93,21,36,76,41
9,36,32,87,64,26,32,84,43,67,29,67,71,78,28,76,82,43,38,62,36,5,40,42,91,43,66,83,55,34,52,44,26,97,18,13,17,60,24,36,1,65,90,24,44,97,52,62,28,8,32,84,45,15,35,14,32,29,65,38,28,73,37,21,53,17,58,98,56,81,95,73,73,9,71,100,97,10,2,8,99,65,24,43
9,181
10,74,57,69,75,54,50,47,98,54,88,1,8,65,96,88,39,35,64,48,80,71,64,59,18,12,7,47,35,88,23,10,67,88,73,95,14,3,37,57,47,80,62,37,29,78,76,6,74,26,37,5,39,80,76,25,69,34,88,21,43,65,69,75,85,15,12,30,85,85,73,47,60,15,34,39,88,98,5,18,23,68,23,55,67,82,84,30,30,96,5,2,47,21,74,55,4,33,44,81
10,86,46,60,2,38,46,70,12,9,68,47,2,28,55,52,12,26,35,63,23,13,8,20,98,97,95,90,23,44,39,10,40,91,47,44,71,28,2,91,52,2,73,95,76,27,85,66,59,22,67,89,77,38,48,57,27,69,59,60,67,25,1,37,65,41,94,82,74,97,80,48,46,22,66,94,3,17,40,17,38,37,55,96,28,43,17,89,16,58,75,96,42,44,91,29,57,32,53,67
10,1811,41,53,3,67,9,10,92,16,8,83,83,76,3,8,62,38,56,75,29,25,2,99,39,32,46,72,18,33,51,79,71,21,97,98,75,59,75,5,21,73,4,81,78,69,71,74,56,90,49,3,62,57,43,11,76,14,8,3,70,57,80,18,14,93,44,25,9,60,71,13,24
