1,3,4,5,6,1,2
2,11,68,59,28,83,3,10,23,38,47,13,89,35,22,46,55,30,34,48,38,57,59,88,82,90,15,22,28,45,48,13,26,24
3,13,93,11,22,4,61,19,3,89,69,64,93,24,5,39,63,16,86,75,6,100,36,0,78,40,58,10,58,44,30,90,84,53,0,53,2,80,44,30,3,68,92,19,37,44,100,5,35,73,12,65,92,49,83,25,41,6,100,63,29,91,18,64,35,28,61,95,43,4,13,82,22,56,32,97,59,95,43,35,40,48,58
4,76,39,96,81,34,46,4,95,93,7,74,13,18,64,50,38,84,9,49,63,81,47,83,49,14,62,21,29,100,73,75,19,58,1,13,73,73,13,76,56,71,11,84,60,44,57,31,74,54,18,40,30,72,85,95,1,19,88,62,96,39
5,95,23,91,100,13,36,82,69,35,3,53,16,92,47,3,25,18,72,57,23,60,92,5,3,33,41,19,84,24,96,17,30,87,53,55,10,43,29,38,92,29,63,25,31,56,100,76,2
6,73,1,83,23,77,21,51,46,47,29,68,51,19,15,50,74,20,37,33,23,31,57,95,60,41,58,7,82,96,91,82,9,46,7,79,7,19,59
7,95,82,4,81,92,60,84,50,97,69,71,24,33,59,99,75,54,43,30,96,82,39,79,66,76,83,97,23,12,57,11,80,93,98,28,40,75,45,39,52,67,78,16,1,34,80,68,68,62,40,55,51,1,55,70
8,52,6,3,41,91,32,0,26,25,83,94,54,64,29,66,10,15,19,45,59,73,73,86,58,33,3,91,52,67,33,87,58,29,38,82,10,9,48,73,71,25,87,33,99,0,61,77,16,98,6,0,85,13,57,63,26,84,65,12,18,71,12
9,2,17,60,21,33,92,47,24,100,82,34,76,97,26,81,95,22,61,53,98,63,20,12,24,18,32,28,69,38,91,97,79,73,16,34,86,28,56,79,4,36,77,35,80,33,86,24,45,17,73,90,56,46,6
10,42,55,69,97,22,0,37,14,1,26,19,91,62,8,54,31,100,27,64,5,28,97,38,10,53,33,63,79,94,33,37,15,55,69,1,24,10,46,81,5,11,53,87,1,99,13,54,5,71,90,22
1,78,9,19,67,62,3,3,52,34,38,100,36,72,39,98,46,62,6,87,46,73,72,9,13,63,95,75,1,68,84,73,66,62,9,75,69,96,87,52,89,76,22,42
2,75,49,62,3,96,75,100,28,80,59,5,36,5,45,5,71,32,26,75,8,13,17,38,8,41,30,97,7,26,42,22,42,56,17,7,13,63,0,83,58,73,83,15,76,12,20,47,67,7,61,78,2,50,86,74,33,31,99,65,35,35,60,97,79,32,69
3,21,74,58,73,86,95,15,40,22,59,84,67,5,30,63,37,86,4,75,97,47,44,72,66,31,59,95,29,60,78,57,44,68,23,81,42,1,28,77,26,63,3,77,50,38,44,46
4,24,16,68,40,66,35,26,66,89,77,70,1,62,48,43,94,57,9,3,84,38,68,32,19,27,46,16,25,55,94,42,7,39,72,56,22,21,20,38,96,7,95,96,28,56,42,21,72,68,65,98,87,34,58,3,91,27,44,79,99,9,99,2,89,72,90,31,76,90,79,67,89,79,30,53,3,87,87,71,14,90,90,9,22,77,18,58,12,72,58,17,18,76,76
5,27,70,87,82,32,46,23,28,15,17,31,0,84,65,72,27,18,96,84,1,83,25,94,85,26,37,31,80,77,26,88,92,81,64,95,50,21,89,28,39,61
6,31,24,20,57,13,55,15,35,29,86,27,37,1,29,35,75,96,51,92,3,8,24,15,70,11,0,89,66,74,44,53,46,25,49,64,47,29,9,43,85,78,82,61,90,1,64,51,35,18,79,74,93,21,46,68,89,45,2,64,90,83,71,79,2,19,46,84,85,66,76,97,62,5,62,95,19,89
7,16,22,38,7,66,74,30,35,89,44,77,83,10,49,77,77,78,8,45,23,14,34,69,61,99,41,96,76,21,30,3,60,88,77,32,81,99,50,44,58,19,70,16,2,52,15,49,96,3,53,11,93,52,57,14,92,33,44,35,75,52,63,98,87,47,22,33,92,66,9,73,97,11,31,33
8,41,85,26,46,51,95,17,54,55,48,73,97,66,68,41,14,18,13,81,61,4,54,84,53,98,3,30,57,13,52,26,94,39,49,79,81,31,31,14,28,39,87,64,82,81,48,64,3,32,56,74,18,97,84,1,18,5,67,62,10,39,53,44,77,84,75,66,16,26,63,63,91,47,61,86,24,33,9,90,43,84,30,95
9,54,50,45,58,74,70,18,17,30,21,43,26,12,58,61,76,35,68,10,7,66,9,78,11,55,64,3,3,40,94,55,88,68,29,81,72,98,0,45,74,41,70,37,9,56,19,59,52,33,21,21,15,0,73,37,37,75,29,93,8,71,0,36,86,26,67,80,85,37,6,49,27,60,10,6,44,11,29,9,42
10,62,19,42,83,77,53,25,76,96,90,81,9,41,44,39,64,51,81,59,26,61,66,66,60,81,7,73,71,2,26,84,52,92,50,62,98,17,54,13,49,97,39,70,73,37,66,31,1,70,52,48,14,84,68,2,77,16,48,25,11,47,2,99,95,72,33,41,26,23,74,80,8,85,49,79,41,19,18,90,58,37,68,83,18,3,73,18,29
