1,51,74,22,40,68,22,26,75,11,79,46,40,99,52,28,74,79,9,19,54,70,70,8,5,77,78,45,67,16,25,26,90,87,74,80,66,74,51,7,49,1,43,100,76,79,94,36,26,15,12
1,86,86,58,32,49,95,25,49,59,8,85,39,63,3,90,1,47,45,10,69,44,10,6,60,45,45,23,78,76,31,65,55,33,4,99,72,29,26,3,12,22,78,16,23,56,59,68,77,27,61
1,50
2,60,13,6,44,55,83,76,52,2,95,96,97,26,21,48,96,70,42,74,43,93,89,18,37,50,40,96,57,71,76,100,97,38,7,22,16,28,90,76,30,18,24,49,36,14,18,80,52,40,11
2,76,85,32,80,58,73,14,67,93,4,34,74,71,37,25,92,49,62,13,83,53,86,95,85,40,50,33,89,86,54,90,41,19,53,79,96,11,6,91,31,92,57,10,48,15,9,17,22,1,35
2,50
3,9,64,1,89,1,50,12,18,60,45,25,77,12,19,85,14,15,29,36,38,82,30,64,1,1,55,86,21,55,65,81,91,61,82,79,13,54,47,12,94,52,95,1,59,82,90,78,30,96,43
3,99,44,87,15,83,12,35,29,13,45,65,25,61,64,73,47,90,64,17,95,17,12,85,92,21,21,42,81,72,51,22,73,58,30,33,19,74,82,7,68,32,32,23,96,71,87,15,2,51,74
3,50
4,6,19,48,50,56,45,97,66,68,39,96,40,63,50,75,52,9,5,56,85,29,99,22,72,76,87,39,96,3,30,4,87,51,25,82,76,23,70,3,63,22,86,13,92,54,64,38,22,83,46
4,43,24,28,100,80,41,39,94,40,52,11,66,86,81,93,65,70,24,13,36,100,72,12,2,32,85,48,11,31,100,11,81,48,58,60,54,95,53,29,53,54,76,92,48,42,72,18,65,17,72
4,50
5,51,87,33,70,63,83,17,30,99,9,90,99,51,41,83,60,40,45,79,79,27,64,60,97,31,99,8,9,62,54,62,37,50,9,13,26,57,91,83,70,28,31,62,26,37,47,44,79,46,64
5,20,99,94,91,14,56,14,68,19,29,60,60,80,90,18,24,5,25,31,39,96,81,82,55,43,18,92,97,35,69,78,44,7,37,70,98,12,84,97,37,85,46,82,37,9,19,2,84,94,63
5,50
6,93,81,26,15,48,95,11,53,86,4,13,46,26,10,22,47,43,28,10,17,75,79,96,34,23,17,69,85,78,46,16,59,92,29,49,14,4,74,66,22,4,100,99,80,23,65,90,67,69,40
6,61,59,91,39,23,63,25,87,10,2,5,6,48,97,60,59,87,4,38,88,1,91,34,92,79,37,88,35,41,41,32,3,52,99,59,71,2,31,33,2,100,12,77,18,44,82,5,87,52,35
6,50
7,87,81,53,22,48,68,93,1,27,31,1,15,80,42,96,72,64,81,84,14,65,100,92,54,78,74,1,44,37,67,64,8,2,67,50,23,64,21,34,43,59,84,18,3,39,85,90,77,12,70
7,17,19,15,61,67,61,58,10,28,67,43,14,68,2,27,95,15,8,44,90,71,35,45,51,10,35,17,73,28,14,37,42,50,47,6,4,73,52,10,55,7,10,39,69,42,94,72,50,66,86
7,50
8,42,56,67,78,93,69,67,69,2,52,35,78,7,33,71,93,69,60,31,31,94,71,56,81,73,46,24,85,81,78,6,2,83,64,63,65,90,4,80,51,60,48,74,79,40,25,45,24,20,76
8,58,36,68,74,98,8,75,85,65,21,2,96,58,36,48,53,18,43,14,92,78,11,97,3,91,37,83,64,86,66,40,47,39,3,98,31,93,12,17,86,65,70,70,7,16,24,68,36,37,27
8,50
9,35,85,99,75,100,41,67,37,100,63,67,87,78,11,82,13,23,5,100,69,27,27,13,1,77,25,73,9,20,63,83,55,63,68,19,31,35,99,33,53,24,55,35,9,88,21,18,6,25,79
9,88,77,12,10,6,9,2,2,67,55,50,7,42,88,3,61,98,8,67,87,32,30,70,36,16,62,14,53,73,5,25,23,54,31,58,96,18,2,100,25,2,82,24,26,56,79,50,6,70,44
9,50
10,18,84,71,94,98,8,88,18,25,91,75,53,2,76,9,90,37,9,14,99,81,69,46,35,44,60,100,83,23,44,31,65,66,96,72,32,39,3,100,52,62,51,68,89,60,60,37,29,32,41
10,44,33,32,16,47,26,7,7,44,10,48,53,23,17,90,77,91,11,44,48,44,28,81,56,17,23,18,54,56,1,25,5,70,16,93,38,18,51,19,33,75,59,34,86,91,80,37,57,85,99
10,50
